0,000000 0,424281
0,010000 0,424303
0,020000 0,424367
0,030000 0,424476
0,040000 0,424631
0,050000 0,424832
0,060000 0,425080
0,070000 0,425377
0,080000 0,425724
0,090000 0,426121
0,100000 0,426570
0,110000 0,427071
0,120000 0,427626
0,130000 0,428236
0,140000 0,428901
0,150000 0,429624
0,160000 0,430404
0,170000 0,431243
0,180000 0,432142
0,190000 0,433103
0,200000 0,434125
0,210000 0,435211
0,220000 0,436361
0,230000 0,437577
0,240000 0,438859
0,250000 0,440209
0,260000 0,441628
0,270000 0,443117
0,280000 0,444676
0,290000 0,446308
0,300000 0,448013
0,310000 0,449792
0,320000 0,451646
0,330000 0,453578
0,340000 0,455587
0,350000 0,457675
0,360000 0,459843
0,370000 0,462092
0,380000 0,464424
0,390000 0,466839
0,400000 0,469339
0,410000 0,471925
0,420000 0,474597
0,430000 0,477358
0,440000 0,480209
0,450000 0,483150
0,460000 0,486183
0,470000 0,489309
0,480000 0,492529
0,490000 0,495844
0,500000 0,499256
0,510000 0,502767
0,520000 0,506376
0,530000 0,510085
0,540000 0,513896
0,550000 0,517810
0,560000 0,521828
0,570000 0,525951
0,580000 0,530181
0,590000 0,534518
0,600000 0,538965
0,610000 0,543522
0,620000 0,548191
0,630000 0,552972
0,640000 0,557868
0,650000 0,562880
0,660000 0,568008
0,670000 0,573254
0,680000 0,578619
0,690000 0,584106
0,700000 0,589714
0,710000 0,595446
0,720000 0,601303
0,730000 0,607285
0,740000 0,613395
0,750000 0,619634
0,760000 0,626003
0,770000 0,632504
0,780000 0,639137
0,790000 0,645905
0,800000 0,652808
0,810000 0,659848
0,820000 0,667026
0,830000 0,674345
0,840000 0,681805
0,850000 0,689407
0,860000 0,697153
0,870000 0,705045
0,880000 0,713084
0,890000 0,721271
0,900000 0,729608
0,910000 0,738096
0,920000 0,746737
0,930000 0,755533
0,940000 0,764484
0,950000 0,773592
0,960000 0,782859
0,970000 0,792286
0,980000 0,801875
0,990000 0,811627
1,000000 0,821544
